DUMP-DRG     161
 CAA   6-F    3    4  33.390  -1.330   6.590    2    3    4    5
 HAA   1,F    0    1  33.566  -0.617   5.784    1
 HAB   1,F    0    1  32.774  -2.150   6.221    1
 HAC   1,F    0    1  34.326  -1.692   7.016    1
 CAM   6+F    3    4  32.670  -0.630   7.740    1    6    7    8
 HAP   1,F    0    1  32.494  -1.343   8.545    5
 HAQ   1,F    0    1  31.763  -0.189   7.327    5
 CAV   6+F    3    4  33.530   0.520   8.260    5    9   10   11
 HA7   1,F    0    1  33.689   1.244   7.461    8
 HA8   1,F    0    1  34.446   0.081   8.654    8
 CBE   6+F    3    4  32.820   1.200   9.430    8   12   13   14
 HBP   1,F    0    1  32.610   0.464  10.206   11
 HBQ   1,F    0    1  31.934   1.690   9.025   11
 CBN   6+F    3    4  33.720   2.300  10.000   11   15   16   17
 HB7   1,F    0    1  33.879   3.069   9.244   14
 HB8   1,F    0    1  34.633   1.818  10.349   14
 CBH   6-F    3    4  33.040   2.920  11.230   14   18   19   20
 HBV   1,F    0    1  32.178   3.481  10.870   17
 HBW   1,F    0    1  32.800   2.137  11.949   17
 CAY   6-F    3    4  34.000   3.930  11.870   17   21   22   23
 HBD   1,F    0    1  34.888   3.373  12.168   20
 HBE   1,F    0    1  34.199   4.730  11.157   20
 CAP   6-F    3    4  33.410   4.540  13.150   20   24   25   26
 HAV   1,F    0    1  32.989   3.715  13.725   23
 HAW   1,F    0    1  34.193   5.089  13.673   23
 CAG   6+F    2    3  32.250   5.500  12.840   23   27   28
 HAJ   1,F    0    1  31.477   5.274  12.105   26
 CAJ   6+F    2    3  32.270   6.800  13.650   26   29   30
 HAM   1,F    0    1  32.916   6.928  14.518   28
 CAS   6+F    3    4  31.330   7.910  13.170   28   31   32   33
 HA1   1,F    0    1  30.854   8.363  14.040   30
 HA2   1,F    0    1  30.627   7.446  12.478   30
 CBB   6+F    3    4  32.060   9.010  12.380   30   34   35   36
 HBJ   1,F    0    1  33.072   9.102  12.774   33
 HBK   1,F    0    1  31.465   9.916  12.491   33
 CBK   6+F    3    4  32.150   8.730  10.870   33   37   38   39
 HB1   1,F    0    1  32.416   9.655  10.359   36
 HB2   1,F    0    1  31.184   8.324  10.570   36
 CBQ   6+F    3    4  33.200   7.660  10.530   36   40   41   42
 HCD   1,F    0    1  33.085   6.831  11.228   39
 HCE   1,F    0    1  34.172   8.150  10.592   39
 CBT   6+F    3    4  33.080   7.110   9.100   39   43   44   45
 HCJ   1,F    0    1  33.856   6.361   8.944   42
 HCK   1,F    0    1  33.148   7.965   8.428   42
 CBW   6+F    3    4  31.700   6.460   8.850   42   46   47   48
 HCP   1,F    0    1  30.942   7.242   8.873   45
 HCQ   1,F    0    1  31.571   5.705   9.625   45
 CBZ   6+F    3    4  31.600   5.730   7.510   45   49   50   51
 HCV   1,F    0    1  30.556   5.462   7.348   48
 HCW   1,F    0    1  32.261   4.866   7.581   48
 CCF   6+F    2    3  32.080   6.540   6.290   48   52   53
 OAD   8+F    2    1  33.200   6.330   5.820   51
 OCC   8+F    3    2  31.210   7.460   5.770   51   54
 CCI   6-F    3    4  31.420   8.800   6.260   53   55   56  109
 HC1   1,F    0    1  31.391   8.759   7.349   54
 OCE   8+F    3    2  32.710   9.310   5.880   54   57
 CCH   6+F    2    3  33.040   9.350   4.550   56   58   59
 OAF   8+F    2    1  32.360   9.930   3.700   57
 CCB   6-F    3    4  34.380   8.720   4.150   57   60   61   62
 HCZ   1,F    0    1  34.198   7.652   4.029   59
 HC0   1,F    0    1  34.736   9.209   3.243   59
 CBY   6-F    3    4  35.460   8.860   5.240   59   63   64   65
 HCT   1,F    0    1  35.657   9.926   5.353   62
 HCU   1,F    0    1  35.114   8.373   6.151   62
 CBV   6-F    3    4  36.770   8.210   4.790   62   66   67   68
 HCN   1,F    0    1  37.408   8.142   5.671   65
 HCO   1,F    0    1  36.551   7.248   4.326   65
 CBS   6-F    3    4  37.500   9.100   3.780   65   69   70   71
 HCH   1,F    0    1  36.806   9.285   2.960   68
 HCI   1,F    0    1  37.850  10.003   4.281   68
 CBM   6-F    3    4  38.700   8.350   3.190   68   72   73   74
 HB5   1,F    0    1  39.379   8.149   4.019   71
 HB6   1,F    0    1  38.336   7.449   2.696   71
 CBD   6-F    3    4  39.490   9.180   2.170   71   75   76   77
 HBN   1,F    0    1  39.582  10.180   2.594   74
 HBO   1,F    0    1  40.450   8.691   2.005   74
 CAU   6-F    3    4  38.800   9.350   0.810   74   78   79   80
 HA5   1,F    0    1  39.566   9.683   0.109   77
 HA6   1,F    0    1  38.327   8.408   0.534   77
 CAL   6+F    2    3  37.730  10.450   0.850   77   81   82
 HAO   1,F    0    1  37.104  10.621   1.726   80
 CAI   6+F    2    3  37.600  11.290  -0.420   80   83   84
 HAL   1,F    0    1  38.047  10.996  -1.370   82
 CAR   6+F    3    4  36.790  12.580  -0.250   82   85   86   87
 HAZ   1,F    0    1  36.015  12.432   0.502   84
 HA0   1,F    0    1  36.416  12.856  -1.236   84
 CBA   6+F    3    4  37.740  13.690   0.200   84   88   89   90
 HBH   1,F    0    1  38.484  13.866  -0.577   87
 HBI   1,F    0    1  38.158  13.383   1.158   87
 CBJ   6+F    3    4  36.950  14.980   0.450   87   91   92   93
 HBZ   1,F    0    1  36.192  14.803   1.213   90
 HB0   1,F    0    1  36.554  15.305  -0.512   90
 CBP   6-F    3    4  37.920  16.070   0.930   90   94   95   96
 HCB   1,F    0    1  38.317  15.736   1.888   93
 HCC   1,F    0    1  38.682  16.225   0.166   93
 CBG   6-F    3    4  37.200  17.400   1.190   93   97   98   99
 HBT   1,F    0    1  36.136  17.171   1.246   96
 HBU   1,F    0    1  37.601  17.838   2.104   96
 CAX   6-F    3    4  37.370  18.410   0.050   96  100  101  102
 HBB   1,F    0    1  37.074  19.381   0.447   99
 HBC   1,F    0    1  38.403  18.374  -0.297   99
 CAO   6-F    3    4  36.440  18.120  -1.140   99  103  104  105
 HAT   1,F    0    1  36.735  17.152  -1.546  102
 HAU   1,F    0    1  35.402  18.172  -0.811  102
 CAC   6+F    3    4  36.680  19.160  -2.240  102  106  107  108
 HAH   1,F    0    1  37.718  19.109  -2.569  105
 HAI   1,F    0    1  36.472  20.156  -1.849  105
 HAG   1,F    0    1  35.991  18.892  -3.041  105
 OCD   8+F    3    2  30.350   9.660   5.830   54  110
 CCG   6+F    2    3  30.340  10.880   6.440  109  111  112
 OAE   8+F    2    1  30.040  11.050   7.620  110
 CCA   6-F    3    4  30.750  12.050   5.540  110  113  114  115
 HCX   1,F    0    1  30.851  11.651   4.531  112
 HCY   1,F    0    1  30.010  12.845   5.631  112
 CBX   6-F    3    4  32.130  12.600   5.940  112  116  117  118
 HCR   1,F    0    1  31.948  13.389   6.670  115
 HCS   1,F    0    1  32.728  11.776   6.330  115
 CBU   6-F    3    4  32.900  13.250   4.780  115  119  120  121
 HCL   1,F    0    1  33.925  13.376   5.129  118
 HCM   1,F    0    1  32.820  12.590   3.916  118
 CBR   6-F    3    4  32.420  14.650   4.350  118  122  123  124
 HCF   1,F    0    1  32.032  15.126   5.250  121
 HCG   1,F    0    1  33.273  15.177   3.922  121
 CBL   6-F    3    4  31.280  14.690   3.320  121  125  126  127
 HB3   1,F    0    1  30.501  14.025   3.694  124
 HB4   1,F    0    1  30.954  15.724   3.204  124
 CBC   6-F    3    4  31.690  14.150   1.940  124  128  129  130
 HBL   1,F    0    1  31.251  14.817   1.199  127
 HBM   1,F    0    1  32.777  14.090   1.893  127
 CAT   6-F    3    4  31.100  12.750   1.680  127  131  132  133
 HA3   1,F    0    1  31.577  12.371   0.776  130
 HA4   1,F    0    1  31.260  12.127   2.560  130
 CAK   6+F    2    3  29.600  12.830   1.390  130  134  135
 HAN   1,F    0    1  29.162  13.625   0.787  133
 CAH   6+F    2    3  28.760  11.710   2.010  133  136  137
 HAK   1,F    0    1  29.042  11.216   2.940  135
 CAQ   6+F    3    4  27.490  11.330   1.230  135  138  139  140
 HAX   1,F    0    1  27.277  10.273   1.389  137
 HAY   1,F    0    1  27.669  11.595   0.188  137
 CAZ   6+F    3    4  26.290  12.160   1.700  137  141  142  143
 HBF   1,F    0    1  26.488  13.221   1.546  140
 HBG   1,F    0    1  26.089  11.880   2.734  140
 CBI   6+F    3    4  25.080  11.730   0.870  140  144  145  146
 HBX   1,F    0    1  24.888  10.670   1.036  143
 HBY   1,F    0    1  25.298  11.987  -0.167  143
 CBO   6-F    3    4  23.840  12.540   1.280  143  147  148  149
 HB9   1,F    0    1  23.610  12.274   2.312  146
 HCA   1,F    0    1  24.023  13.602   1.117  146
 CBF   6-F    3    4  22.660  12.080   0.420  146  150  151  152
 HBR   1,F    0    1  22.901  12.336  -0.612  149
 HBS   1,F    0    1  22.487  11.017   0.586  149
 CAW   6-F    3    4  21.400  12.860   0.790  149  153  154  155
 HA9   1,F    0    1  21.161  12.609   1.823  152
 HBA   1,F    0    1  21.567  13.923   0.615  152
 CAN   6-F    3    4  20.230  12.380  -0.070  152  156  157  158
 HAR   1,F    0    1  20.474  12.623  -1.104  155
 HAS   1,F    0    1  20.057  11.319   0.112  155
 CAB   6+F    3    4  18.970  13.170   0.290  155  159  160  161
 HAE   1,F    0    1  19.141  14.231   0.108  158
 HAF   1,F    0    1  18.733  13.016   1.343  158
 HAD   1,F    0    1  18.189  12.773  -0.359  158
