 $CONTRL
   COORD=CART UNITS=ANGS
   ICHARG=  0
   SCFTYP=RHF RUNTYP=ENERGY
 $END
 $BASIS GBASIS=STO NGAUSS=3 NDFUNC=0 NPFUNC=0 $END
 $DATA
PRODRG output for DRG  
C1
CAA          6.0    33.390    -1.330     6.590
HAA          1.0    33.566    -0.617     5.784
HAB          1.0    32.774    -2.150     6.221
HAC          1.0    34.326    -1.692     7.016
CAM          6.0    32.670    -0.630     7.740
HAP          1.0    32.494    -1.343     8.545
HAQ          1.0    31.763    -0.189     7.327
CAV          6.0    33.530     0.520     8.260
HA7          1.0    33.689     1.244     7.461
HA8          1.0    34.446     0.081     8.654
CBE          6.0    32.820     1.200     9.430
HBP          1.0    32.610     0.464    10.206
HBQ          1.0    31.934     1.690     9.025
CBN          6.0    33.720     2.300    10.000
HB7          1.0    33.879     3.069     9.244
HB8          1.0    34.633     1.818    10.349
CBH          6.0    33.040     2.920    11.230
HBV          1.0    32.178     3.481    10.870
HBW          1.0    32.800     2.137    11.949
CAY          6.0    34.000     3.930    11.870
HBD          1.0    34.888     3.373    12.168
HBE          1.0    34.199     4.730    11.157
CAP          6.0    33.410     4.540    13.150
HAV          1.0    32.989     3.715    13.725
HAW          1.0    34.193     5.089    13.673
CAG          6.0    32.250     5.500    12.840
HAJ          1.0    31.477     5.274    12.105
CAJ          6.0    32.270     6.800    13.650
HAM          1.0    32.916     6.928    14.518
CAS          6.0    31.330     7.910    13.170
HA1          1.0    30.854     8.363    14.040
HA2          1.0    30.627     7.446    12.478
CBB          6.0    32.060     9.010    12.380
HBJ          1.0    33.072     9.102    12.774
HBK          1.0    31.465     9.916    12.491
CBK          6.0    32.150     8.730    10.870
HB1          1.0    32.416     9.655    10.359
HB2          1.0    31.184     8.324    10.570
CBQ          6.0    33.200     7.660    10.530
HCD          1.0    33.085     6.831    11.228
HCE          1.0    34.172     8.150    10.592
CBT          6.0    33.080     7.110     9.100
HCJ          1.0    33.856     6.361     8.944
HCK          1.0    33.148     7.965     8.428
CBW          6.0    31.700     6.460     8.850
HCP          1.0    30.942     7.242     8.873
HCQ          1.0    31.571     5.705     9.625
CBZ          6.0    31.600     5.730     7.510
HCV          1.0    30.556     5.462     7.348
HCW          1.0    32.261     4.866     7.581
CCF          6.0    32.080     6.540     6.290
OAD          8.0    33.200     6.330     5.820
OCC          8.0    31.210     7.460     5.770
CCI          6.0    31.420     8.800     6.260
HC1          1.0    31.391     8.759     7.349
OCE          8.0    32.710     9.310     5.880
CCH          6.0    33.040     9.350     4.550
OAF          8.0    32.360     9.930     3.700
CCB          6.0    34.380     8.720     4.150
HCZ          1.0    34.198     7.652     4.029
HC0          1.0    34.736     9.209     3.243
CBY          6.0    35.460     8.860     5.240
HCT          1.0    35.657     9.926     5.353
HCU          1.0    35.114     8.373     6.151
CBV          6.0    36.770     8.210     4.790
HCN          1.0    37.408     8.142     5.671
HCO          1.0    36.551     7.248     4.326
CBS          6.0    37.500     9.100     3.780
HCH          1.0    36.806     9.285     2.960
HCI          1.0    37.850    10.003     4.281
CBM          6.0    38.700     8.350     3.190
HB5          1.0    39.379     8.149     4.019
HB6          1.0    38.336     7.449     2.696
CBD          6.0    39.490     9.180     2.170
HBN          1.0    39.582    10.180     2.594
HBO          1.0    40.450     8.691     2.005
CAU          6.0    38.800     9.350     0.810
HA5          1.0    39.566     9.683     0.109
HA6          1.0    38.327     8.408     0.534
CAL          6.0    37.730    10.450     0.850
HAO          1.0    37.104    10.621     1.726
CAI          6.0    37.600    11.290    -0.420
HAL          1.0    38.047    10.996    -1.370
CAR          6.0    36.790    12.580    -0.250
HAZ          1.0    36.015    12.432     0.502
HA0          1.0    36.416    12.856    -1.236
CBA          6.0    37.740    13.690     0.200
HBH          1.0    38.484    13.866    -0.577
HBI          1.0    38.158    13.383     1.158
CBJ          6.0    36.950    14.980     0.450
HBZ          1.0    36.192    14.803     1.213
HB0          1.0    36.554    15.305    -0.512
CBP          6.0    37.920    16.070     0.930
HCB          1.0    38.317    15.736     1.888
HCC          1.0    38.682    16.225     0.166
CBG          6.0    37.200    17.400     1.190
HBT          1.0    36.136    17.171     1.246
HBU          1.0    37.601    17.838     2.104
CAX          6.0    37.370    18.410     0.050
HBB          1.0    37.074    19.381     0.447
HBC          1.0    38.403    18.374    -0.297
CAO          6.0    36.440    18.120    -1.140
HAT          1.0    36.735    17.152    -1.546
HAU          1.0    35.402    18.172    -0.811
CAC          6.0    36.680    19.160    -2.240
HAH          1.0    37.718    19.109    -2.569
HAI          1.0    36.472    20.156    -1.849
HAG          1.0    35.991    18.892    -3.041
OCD          8.0    30.350     9.660     5.830
CCG          6.0    30.340    10.880     6.440
OAE          8.0    30.040    11.050     7.620
CCA          6.0    30.750    12.050     5.540
HCX          1.0    30.851    11.651     4.531
HCY          1.0    30.010    12.845     5.631
CBX          6.0    32.130    12.600     5.940
HCR          1.0    31.948    13.389     6.670
HCS          1.0    32.728    11.776     6.330
CBU          6.0    32.900    13.250     4.780
HCL          1.0    33.925    13.376     5.129
HCM          1.0    32.820    12.590     3.916
CBR          6.0    32.420    14.650     4.350
HCF          1.0    32.032    15.126     5.250
HCG          1.0    33.273    15.177     3.922
CBL          6.0    31.280    14.690     3.320
HB3          1.0    30.501    14.025     3.694
HB4          1.0    30.954    15.724     3.204
CBC          6.0    31.690    14.150     1.940
HBL          1.0    31.251    14.817     1.199
HBM          1.0    32.777    14.090     1.893
CAT          6.0    31.100    12.750     1.680
HA3          1.0    31.577    12.371     0.776
HA4          1.0    31.260    12.127     2.560
CAK          6.0    29.600    12.830     1.390
HAN          1.0    29.162    13.625     0.787
CAH          6.0    28.760    11.710     2.010
HAK          1.0    29.042    11.216     2.940
CAQ          6.0    27.490    11.330     1.230
HAX          1.0    27.277    10.273     1.389
HAY          1.0    27.669    11.595     0.188
CAZ          6.0    26.290    12.160     1.700
HBF          1.0    26.488    13.221     1.546
HBG          1.0    26.089    11.880     2.734
CBI          6.0    25.080    11.730     0.870
HBX          1.0    24.888    10.670     1.036
HBY          1.0    25.298    11.987    -0.167
CBO          6.0    23.840    12.540     1.280
HB9          1.0    23.610    12.274     2.312
HCA          1.0    24.023    13.602     1.117
CBF          6.0    22.660    12.080     0.420
HBR          1.0    22.901    12.336    -0.612
HBS          1.0    22.487    11.017     0.586
CAW          6.0    21.400    12.860     0.790
HA9          1.0    21.161    12.609     1.823
HBA          1.0    21.567    13.923     0.615
CAN          6.0    20.230    12.380    -0.070
HAR          1.0    20.474    12.623    -1.104
HAS          1.0    20.057    11.319     0.112
CAB          6.0    18.970    13.170     0.290
HAE          1.0    19.141    14.231     0.108
HAF          1.0    18.733    13.016     1.343
HAD          1.0    18.189    12.773    -0.359
 $END
