CCCCCCCCCCCCCCCC(=O)OCC(COC(=O)CCCCCCCCCCCCCCC)OC(=O)CCCCCCCCCCCCCCC 
JME 2002.05 Mon Jul 28 10:04:08 COT 2014

 57 56                            V2000
    1.6755   19.7740    0.0000 C                               
   34.9899    6.4373    0.0000 C                               
    0.0000   16.4705    0.0000 C                               
   15.8195    8.1505    0.0000 O                               
   17.8516    0.0000    0.0000 O                               
   11.1228    1.9295    0.0000 O                               
    3.0212   19.3881    0.0000 C                               
   33.9829    5.4648    0.0000 C                               
    0.3387   15.1121    0.0000 C                               
    3.3599   18.0297    0.0000 C                               
   32.6371    5.8507    0.0000 C                               
    1.6845   14.7262    0.0000 C                               
    4.7057   17.6438    0.0000 C                               
   31.6300    4.8782    0.0000 C                               
    2.0231   13.3678    0.0000 C                               
    5.0444   16.2854    0.0000 C                               
   30.2842    5.2641    0.0000 C                               
    3.3689   12.9819    0.0000 C                               
    6.3901   15.8995    0.0000 C                               
   29.2772    4.2916    0.0000 C                               
    3.7076   11.6235    0.0000 C                               
    6.7288   14.5411    0.0000 C                               
   27.9314    4.6775    0.0000 C                               
    5.0534   11.2376    0.0000 C                               
    8.0746   14.1552    0.0000 C                               
   26.9243    3.7049    0.0000 C                               
    5.3921    9.8792    0.0000 C                               
    8.4133   12.7968    0.0000 C                               
   25.5786    4.0908    0.0000 C                               
    6.7378    9.4933    0.0000 C                               
    9.7591   12.4109    0.0000 C                               
   24.5715    3.1183    0.0000 C                               
    7.0765    8.1349    0.0000 C                               
   10.0977   11.0525    0.0000 C                               
   23.2257    3.5042    0.0000 C                               
    8.4223    7.7490    0.0000 C                               
   11.4435   10.6666    0.0000 C                               
   22.2186    2.5317    0.0000 C                               
    8.7610    6.3906    0.0000 C                               
   11.7822    9.3082    0.0000 C                               
   20.8729    2.9176    0.0000 C                               
   10.1067    6.0047    0.0000 C                               
   13.1280    8.9223    0.0000 C                               
   19.8658    1.9450    0.0000 C                               
   10.4454    4.6463    0.0000 C                               
   13.4667    7.5639    0.0000 C                               
   18.5200    2.3309    0.0000 C                               
   11.7912    4.2604    0.0000 C                               
   14.1440    4.8470    0.0000 C                               
   15.8285    3.1027    0.0000 C                               
   15.1511    5.8195    0.0000 O                               
   16.1672    1.7443    0.0000 O                               
   13.4757    2.5161    0.0000 O                               
   14.8124    7.1780    0.0000 C                               
   17.5130    1.3584    0.0000 C                               
   12.1299    2.9020    0.0000 C                               
   14.4827    3.4886    0.0000 C                               
  1  7  1  0         
  2  8  1  0         
  3  9  1  0         
  4 54  2  0         
  5 55  2  0         
  6 56  2  0         
  7 10  1  0         
  8 11  1  0         
  9 12  1  0         
 10 13  1  0         
 11 14  1  0         
 12 15  1  0         
 13 16  1  0         
 14 17  1  0         
 15 18  1  0         
 16 19  1  0         
 17 20  1  0         
 18 21  1  0         
 19 22  1  0         
 20 23  1  0         
 21 24  1  0         
 22 25  1  0         
 23 26  1  0         
 24 27  1  0         
 25 28  1  0         
 26 29  1  0         
 27 30  1  0         
 28 31  1  0         
 29 32  1  0         
 30 33  1  0         
 31 34  1  0         
 32 35  1  0         
 33 36  1  0         
 34 37  1  0         
 35 38  1  0         
 36 39  1  0         
 37 40  1  0         
 38 41  1  0         
 39 42  1  0         
 40 43  1  0         
 41 44  1  0         
 42 45  1  0         
 43 46  1  0         
 44 47  1  0         
 45 48  1  0         
 46 54  1  0         
 47 55  1  0         
 48 56  1  0         
 49 51  1  0         
 49 57  1  0         
 50 52  1  0         
 50 57  1  0         
 51 54  1  0         
 52 55  1  0         
 53 56  1  0         
 53 57  1  0         
M  END
